292 725 69 72 1
531 155 59 57 1
826 228 115 113 1
130 93 66 62 1
266 831 39 42 1
354 1062 51 59 1
351 1180 49 56 1
443 801 43 34 1
572 792 40 41 1
833 140 93 61 1
1030 223 61 69 1
949 140 32 39 1
1123 217 59 70 1
986 332 47 32 1
518 391 45 47 1
631 152 45 44 1
629 197 49 46 1
631 250 40 43 1
162 224 67 31 1
303 204 46 32 1
1256 1266 44 41 1
1280 1153 40 39 1
1281 1091 44 42 1
1232 904 44 43 1
1236 836 40 42 1
1214 742 42 39 1
1303 749 39 38 1
1047 354 42 39 1
1104 352 46 36 1
1185 386 42 39 1
1268 521 35 34 1
339 851 37 37 1
445 991 35 29 1
126 30 36 31 1
